1889407
1668258
1030876
1993877
1663001
1966138
1053630
1655296
1982984
1905770
2301583
2302430
1034326
2290013
1887904
2291106
1661747
2196061
1667295
1758968
1916541
2072114
1631419
837140
1334847
2304720
1017792
1671318
2280431
1910338
2303635
1030083
1629692
1658436
2305130
2187005
2181382
1663257
2296360
2289242
1990811
2304167
1714225
1641322
2294741
2261929
1997687
1667859
1660789
1698569
1644189
1353718
1693796
1633609
1724941
1335053
2302333
2304754
1633605
1015463
2300036
1916339
1671403
2304758
1914714
2188543
1338689
1334034
1687318
1911310
2264171
1962796
1663586
1009259
1644869
1032008
2273450
1673260
1621750
1022681
1677999
1668247
1639145
1887690
2028776
2301599
2159586
1031155
1962665
2168287
1004353
1994072
1928304
87960
1682535
2276710
1342155
1345664
1945234
2004517
2292869
1017067
1619566
2040975
1639856
2305221
1660696
1069469
1900321
1032229
2250155
1625445
2188889
1022095
1641242
2291548
1671232
1342292
2287661
1690657
1985420
2195858
2188653
1635138
1911103
1615417
1957229
1906433
1035844
1018721
2304243
2291793
2182316
1656292
1996203
1998865
1967005
1333947
1713921
1671441
2301206
2303625
1687350
2009545
1700853
1648909
2300593
2188629
1030809
1660799
2282990
1948613
2303731
1690755
2157248
2028737
1353766
1697947
1631477
1613811
1630020
1910952
1035144
2289141
1033402
1035825
1939473
1040293
1028184
2299978
1643449
2185009
1024476
1696446
1023945
985000
2172134
2028803
1631125
1761622
1631005
1337059
2302953
1945030
1335553
2270363
2194717
1018239
992207
2164637
1887867
2293004
2181776
1674306
1649320
1909191
1617758
1963371
1657627
1036330
2005010
1657622
1908892
1657742
2183043
1984657
1681507
2290421
1621584
1003799
1337071
1667302
1943510
1666575
2177606
1913222
2305328
2302853
1336780
2001589
1034382
1658626
987643
2300558
1912124
1991875
1967725
2290314
285188
1727385
1031556
2288771
2045935
2021626
1747892
1657645
2025303
1896447
1653160
2269232
1062664
1014420
1663079
2292745
1996097
1985409
2295699
2168687
1643008
1947019
1861312
1001315
1673001
1669304
1331149
2301026
1683173
1689830
1340818
1335350
1690703
2301149
1910525
1022815
1740562
2302475
1654286
1036548
1018315
1608306
1759624
1031419
1696477
2175278
2004923
1677975
2161309
2286053
1683040
2300048
1630643
2270275
1010165
1959368
1898287
1687400
1701514
1633473
2141163
1666845
1643945
2181865
1719830
2283574
1649279
2300519
1892717
1947474
1649271
2269146
2193930
1650940
2273532
1663427
2292372
1340602
18719
1724505
2291048
2290078
1957276
2291167
2302926
1643282
2301715
2168085
2268747
1668323
1616488
2289661
2304304
1944091
1337684
1722693
1594189
2271462
1021709
1018308
1631193
1012685
1032711
1969819
2185769
1009284